# Created by Octave 4.0.2, Sat Apr 30 15:47:25 2016 GTB Daylight Time <unknown@DESKTOP-MNP9EKE>
# name: A
# type: matrix
# rows: 51
# columns: 2
 2.292655789170338 1.752418616918323
 -1.309658573305236 2.415983049134257
 0.3874485105777808 1.335297809485271
 1.156340109005408 1.366844008739067
 -0.7569972751436973 0.4231665793063576
 1.458187680360916 1.027817879825921
 -2.04989930490468 -1.128133125828697
 0.03922648237558066 0.3963753023913233
 0.03458845718406756 1.188417839772206
 0.7202126043345656 0.4309419068296393
 0.0358668738669965 1.470470722365764
 1.976724561562429 0.151708210295821
 1.026847252202694 -0.42794930630609
 -0.1158372675465819 2.303502339503265
 -1.349775855215072 0.1493584124786137
 -0.0274276513289186 -1.317384899718331
 -0.439222671538865 2.188210394768368
 -0.9155371973592118 -0.4866965776001772
 0.2819138304691746 0.4423094105044929
 -0.2413531525169939 -0.6953686488287523
 1.056024907966073 0.3148025485013545
 1.614283786125734 0.3877564063051946
 0.260760189744881 -1.044775138587072
 -1.036312082813556 -0.7741778543535712
 0.6392293595262194 -0.2197842179253721
 -0.2433345980651329 -0.3439763136819729
 -0.1306821851212988 1.396326472576391
 0.2373052560865309 1.895467512284616
 0.03865305680685012 1.654769775551949
 0.01073647885727127 0.6708548497132796
 1.452610168956153 -0.7229180886218438
 0.8262635666713047 0.09958286796069979
 -0.1358963266545568 -2.646015952090322
 -1.608961024672391 -1.203521188660885
 -1.400901506845316 1.255061784200527
 1.266131149343192 1.635001308874665
 1.202980386340871 -0.08747449663565884
 0.3655656357747848 -2.194018737519797
 0.8690222174863994 -0.4049104692374362
 -0.2823586073862741 -1.095040500268655
 0.08307593728522279 0.1697219092691396
 -0.1127932048838137 -0.5948529176165674
 0.3963314137515372 1.278716408106433
 1.421514662018412 -0.0284700189936122
 0.1509639814339422 -0.6416914215600701
 -1.498077505200686 -1.115292046346069
 -0.5966375316938084 -0.6014731522725888
 0.03770558889082154 -1.569609117798794
 -0.3227936297327296 0.7776540697211898
 -0.8665400560103171 1.932590789139593
 -0.2855953012816977 0.2495456466429104


